@subtask samples
manual example-01.in
manual example-02.in

@subtask 1
manual example-01.in
manual example-02.in
random 10 10 10 1
random 10 10 10 0
random 10 10 10 -1
random 10 10 5 1
random 2000 2000 2000 -1
random 2000 2000 2000 0
random 2000 2000 2000 1
random 2000 2000 30 -1
random 2000 2000 30 0
random 2000 2000 30 1
random2 2000 2000 1 300 10
random2 2000 2000 1 300 -10
random2 2000 2000 1 300 0
random2 2000 2000 1 300 1
random2 2000 2000 1 300 2
random2 2000 2000 1 300 -100

@subtask 2
chain 100000 100000 100000 -1
chain 100000 100000 100000 0
chain 100000 100000 100000 1
chain 100000 100000 300 -1 
chain 100000 100000 300 0
chain 100000 100000 300 1
chain 100000 100000 10 -1
chain 100000 100000 10 0
chain 100000 100000 10 1
chain2 100000 100000 1 300 10
chain2 100000 100000 1 300 -10
chain2 100000 100000 1 300 0
chain2 100000 100000 1 300 1
chain2 100000 100000 1 300 2
chain2 100000 100000 1 300 100

@subtask 3
random 100000 100000 2 -1
random 100000 100000 2 0
random 100000 100000 2 1
chain 100000 100000 2 -1
chain 100000 100000 2 0
chain 100000 100000 2 1
subtask3_sparce 100000 100000 2 1 1
subtask3_sparce 100000 100000 2 1 2
subtask3_sparce 100000 100000 2 1 3
subtask3_sparce 100000 100000 2 1 4

@subtask 4
@include 1
@include 2
@include 3
random 100000 100000 100000 -1
random 100000 100000 100000 0
random 100000 100000 100000 1
random 100000 100000 30 -1
random 100000 100000 30 0
random 100000 100000 30 1
random2 100000 100000 1 300 10
random2 100000 100000 1 300 -10
random2 100000 100000 1 300 0
random2 100000 100000 1 300 1
random2 100000 100000 1 300 2
random2 100000 100000 1 300 -100