@subtask samples
manual example-01.in
manual example-02.in

@subtask 1
random 5000 5000 1 1
random 5000 5000 1 2
random 5000 5000 1 3
random 5000 5000 1 4
random 5000 5000 1 5
ca_1 5000 5000 1 1
ca_2 5000 5000 1 1
ca_4 5000 5000 1 1
rand_no_3 5000 5000 1 1
rand_no_3 5000 5000 1 2
rand_no_3 5000 5000 1 3
rand_no_12 5000 5000 1 1
rand_no_12 5000 5000 1 2
rand_no_12 5000 5000 1 3
ca_3 5000 5000 1 1
ca_3 5000 5000 1 10


@subtask 2
random 100000 100000 2 1
random 100000 100000 2 2
random 100000 100000 2 3
random 100000 100000 2 4
random 100000 100000 2 5
rand_no_12 100000 100000 2 1
rand_no_12 100000 100000 2 2
rand_no_12 100000 100000 2 3 
rand_no_3 100000 100000 2 1
rand_no_3 100000 100000 2 2
rand_no_3 100000 100000 2 3
ca_2 100000 100000 2 1
ca_4 100000 100000 2 1

@subtask 3
random 100000 100000 3 1
random 100000 100000 3 2
random 100000 100000 3 3
random 100000 100000 3 4
random 100000 100000 3 5
rand_no_12 100000 100000 3 1
rand_no_12 100000 100000 3 2
rand_no_12 100000 100000 3 3
rand_no_3 100000 100000 3 1
rand_no_3 100000 100000 3 2
rand_no_3 100000 100000 3 3
ca_3 100000 100000 3 1
ca_3 100000 100000 3 10

@subtask 4
@include 1
@include 2
@include 3
random 100000 100000 4 1
random 100000 100000 4 2
random 100000 100000 4 3
random 100000 100000 4 4
random 100000 100000 4 5
ca_1 100000 100000 4 1
ca_2 100000 100000 4 1
ca_4 100000 100000 4 1
ca_3 100000 100000 4 10
ca_3 100000 100000 4 100