@subtask samples
manual example-01.in
manual example-02.in

@subtask 1
random 500000 1 0 1000000000 0
random 500000 1 0 1000000000 10
random 500000 1 -1000000000 1000000000 10
random 500000 1 1000000000 1000000000 0

@subtask 2
manual example-01.in
manual example-02.in
random 3000 1500 1 1000000000 10
random 3000 1000 1 1000000000 10
random 3000 1000 1 1000000000 -10
random 3000 10 -1000000000 1000000000 0
random 3000 87 0 1000000000 0

@subtask 3
random 500000 100000 -1 1 25
random 500000 5000 -1 1 20
random 500000 10 -1 1 10
random 500000 10 -1 1 0


@subtask 4
@include 1
@include 2
@include 3
random 500000 100000 100000000 1000000000 0
random 500000 100000 1 1000000000 0
random 500000 500000 1 1000000000 0
random 500000 10 -10 1000000000 10
random 500000 10 -1000000000 1000000000 10
random 500000 1000 -10 1000000000 1